1000	0.0000000000e+00
2000	0.0000000000e+00
3000	1.0000000000e-03
4000	0.0000000000e+00
5000	1.0000000000e-03
6000	1.0000000000e-03
7000	1.0020000000e-03
8000	9.9800000000e-04
9000	1.0020000000e-03
10000	9.9700000000e-04
11000	1.0010000000e-03
12000	9.9900000000e-04
13000	1.0010000000e-03
14000	1.0000000000e-03
15000	1.0000000000e-03
16000	2.0000000000e-03
17000	2.0010000000e-03
18000	1.9990000000e-03
19000	1.0000000000e-03
20000	1.0000000000e-03
21000	2.0010000000e-03
22000	2.0010000000e-03
23000	2.0000000000e-03
24000	2.0010000000e-03
25000	2.0010000000e-03
26000	2.9990000000e-03
27000	3.0010000000e-03
28000	3.0010000000e-03
29000	3.1570000000e-03
30000	3.0020000000e-03
31000	3.0000000000e-03
32000	3.0000000000e-03
33000	4.0000000000e-03
34000	4.0000000000e-03
35000	3.0000000000e-03
36000	4.0010000000e-03
37000	3.9990000000e-03
38000	3.9990000000e-03
39000	4.0000000000e-03
40000	4.0000000000e-03
41000	3.9980000000e-03
42000	3.9990000000e-03
43000	4.0010000000e-03
44000	4.0000000000e-03
45000	4.9990000000e-03
46000	3.9980000000e-03
47000	5.0020000000e-03
48000	5.0010000000e-03
49000	4.3240000000e-03
50000	6.0030000000e-03
51000	5.0000000000e-03
52000	5.0010000000e-03
53000	6.0010000000e-03
54000	6.9990000000e-03
55000	6.0010000000e-03
56000	5.9990000000e-03
57000	6.0000000000e-03
58000	6.0000000000e-03
59000	6.0010000000e-03
60000	9.0020000000e-03
61000	5.9990000000e-03
62000	6.0000000000e-03
63000	6.0040000000e-03
64000	8.0010000000e-03
65000	7.9990000000e-03
66000	5.9990000000e-03
67000	7.0000000000e-03
68000	7.0000000000e-03
69000	7.0000000000e-03
70000	6.0030000000e-03
71000	8.0010000000e-03
72000	7.0010000000e-03
73000	7.0000000000e-03
74000	7.0000000000e-03
75000	9.0000000000e-03
76000	6.9990000000e-03
77000	7.9990000000e-03
78000	9.0020000000e-03
79000	8.0030000000e-03
80000	8.0010000000e-03
81000	8.0000000000e-03
82000	8.0000000000e-03
83000	8.9990000000e-03
84000	9.0000000000e-03
85000	8.5060000000e-03
86000	8.0010000000e-03
87000	8.0010000000e-03
88000	9.0000000000e-03
89000	8.0000000000e-03
90000	1.0003000000e-02
91000	9.0020000000e-03
92000	1.0004000000e-02
93000	9.9980000000e-03
94000	9.5080000000e-03
95000	9.0010000000e-03
96000	9.0010000000e-03
97000	1.0001000000e-02
98000	1.0001000000e-02
99000	1.1002000000e-02
100000	1.0001000000e-02
101000	1.0001000000e-02
102000	1.0002000000e-02
103000	1.2000000000e-02
104000	1.1000000000e-02
105000	1.1001000000e-02
106000	1.1001000000e-02
107000	1.1002000000e-02
108000	1.2000000000e-02
109000	1.0999000000e-02
110000	1.2509000000e-02
111000	1.2000000000e-02
112000	1.3001000000e-02
113000	1.2002000000e-02
114000	1.2002000000e-02
115000	1.2001000000e-02
116000	1.3999000000e-02
117000	1.4508000000e-02
118000	1.3001000000e-02
119000	1.4001000000e-02
120000	1.3002000000e-02
121000	1.3002000000e-02
122000	1.4999000000e-02
123000	1.4424000000e-02
124000	1.4001000000e-02
125000	1.4002000000e-02
126000	1.3000000000e-02
127000	1.5001000000e-02
128000	1.4000000000e-02
129000	1.3509000000e-02
130000	1.5001000000e-02
131000	1.4001000000e-02
132000	1.3002000000e-02
133000	1.4000000000e-02
134000	1.6001000000e-02
135000	1.2511000000e-02
136000	1.3001000000e-02
137000	1.6000000000e-02
138000	1.5001000000e-02
139000	1.6001000000e-02
140000	1.4999000000e-02
141000	1.6000000000e-02
142000	1.5000000000e-02
143000	1.4002000000e-02
144000	1.4002000000e-02
145000	1.6997000000e-02
146000	1.4483000000e-02
147000	1.6001000000e-02
148000	1.5002000000e-02
149000	1.7003000000e-02
150000	1.7000000000e-02
151000	1.7508000000e-02
152000	1.5002000000e-02
153000	1.8001000000e-02
154000	1.6002000000e-02
155000	1.6003000000e-02
156000	1.7000000000e-02
157000	1.7001000000e-02
158000	1.7002000000e-02
159000	1.6001000000e-02
160000	1.7001000000e-02
161000	1.5999000000e-02
162000	1.8000000000e-02
163000	1.7003000000e-02
164000	1.9001000000e-02
165000	1.8002000000e-02
166000	1.7508000000e-02
167000	1.8003000000e-02
168000	2.1001000000e-02
169000	2.0002000000e-02
170000	1.8001000000e-02
171000	2.0507000000e-02
172000	1.7004000000e-02
173000	1.7000000000e-02
174000	1.7001000000e-02
175000	1.8511000000e-02
176000	1.8000000000e-02
177000	1.7001000000e-02
178000	2.1003000000e-02
179000	1.9001000000e-02
180000	1.8511000000e-02
181000	1.8002000000e-02
182000	2.1001000000e-02
183000	1.8999000000e-02
184000	2.2192000000e-02
185000	2.0000000000e-02
186000	1.9002000000e-02
187000	1.8002000000e-02
188000	2.1510000000e-02
189000	2.0003000000e-02
190000	2.0002000000e-02
191000	1.9002000000e-02
192000	1.9001000000e-02
193000	2.1001000000e-02
194000	2.0000000000e-02
195000	2.0002000000e-02
196000	1.8999000000e-02
197000	2.0189000000e-02
198000	2.1000000000e-02
199000	2.3001000000e-02
200000	2.0999000000e-02
201000	2.2075000000e-02
202000	2.2003000000e-02
203000	2.1002000000e-02
204000	2.5510000000e-02
205000	2.3001000000e-02
206000	2.2002000000e-02
207000	2.2002000000e-02
208000	2.3512000000e-02
209000	2.6002000000e-02
210000	2.3000000000e-02
211000	2.2000000000e-02
212000	2.2509000000e-02
213000	2.4002000000e-02
214000	2.3002000000e-02
215000	2.2508000000e-02
216000	2.3002000000e-02
217000	2.4002000000e-02
218000	2.3999000000e-02
219000	2.4033000000e-02
220000	2.3000000000e-02
221000	2.6002000000e-02
222000	2.6500000000e-02
223000	2.7004000000e-02
224000	2.9001000000e-02
225000	2.7508000000e-02
226000	2.7002000000e-02
227000	2.7001000000e-02
228000	2.6000000000e-02
229000	2.9002000000e-02
230000	2.4002000000e-02
231000	2.4000000000e-02
232000	2.6448000000e-02
233000	2.5002000000e-02
234000	2.5001000000e-02
235000	2.5510000000e-02
236000	2.7003000000e-02
237000	2.5002000000e-02
238000	2.7509000000e-02
239000	2.7003000000e-02
240000	2.7002000000e-02
241000	2.8506000000e-02
242000	3.0011000000e-02
243000	2.6002000000e-02
244000	2.8293000000e-02
245000	2.7002000000e-02
246000	2.7001000000e-02
247000	2.7506000000e-02
248000	2.7002000000e-02
249000	2.7001000000e-02
250000	2.7508000000e-02
251000	2.8002000000e-02
252000	2.9003000000e-02
253000	2.7510000000e-02
254000	3.0002000000e-02
255000	2.9001000000e-02
256000	2.7506000000e-02
257000	2.8002000000e-02
258000	3.1003000000e-02
259000	3.0506000000e-02
260000	3.0002000000e-02
261000	3.1003000000e-02
262000	2.9512000000e-02
263000	3.1003000000e-02
264000	3.1001000000e-02
265000	3.0508000000e-02
266000	3.2002000000e-02
267000	3.3507000000e-02
268000	3.0004000000e-02
269000	3.2003000000e-02
270000	3.2513000000e-02
271000	3.3002000000e-02
272000	3.2000000000e-02
273000	3.2504000000e-02
274000	3.4003000000e-02
275000	3.3506000000e-02
276000	3.3003000000e-02
277000	3.2003000000e-02
278000	3.4508000000e-02
279000	3.3003000000e-02
280000	3.3001000000e-02
281000	3.1001000000e-02
282000	3.4071000000e-02
283000	3.5503000000e-02
284000	3.1001000000e-02
285000	3.3001000000e-02
286000	3.5512000000e-02
287000	3.4003000000e-02
288000	3.1509000000e-02
289000	3.2001000000e-02
290000	3.2003000000e-02
291000	3.5509000000e-02
292000	3.6003000000e-02
293000	3.0001000000e-02
294000	3.4002000000e-02
295000	3.3003000000e-02
296000	3.1233000000e-02
297000	3.5003000000e-02
298000	3.6002000000e-02
299000	3.4002000000e-02
300000	3.4002000000e-02
301000	3.4509000000e-02
302000	3.5000000000e-02
303000	3.4002000000e-02
304000	3.3003000000e-02
305000	3.8004000000e-02
306000	3.4505000000e-02
307000	3.9001000000e-02
308000	3.8505000000e-02
309000	3.7003000000e-02
310000	3.7002000000e-02
311000	3.6003000000e-02
312000	3.6003000000e-02
313000	3.6511000000e-02
314000	3.6003000000e-02
315000	3.7508000000e-02
316000	3.4004000000e-02
317000	3.7000000000e-02
318000	3.9510000000e-02
319000	4.0004000000e-02
320000	3.6014000000e-02
321000	3.9051000000e-02
322000	3.8386000000e-02
323000	3.7005000000e-02
324000	3.5508000000e-02
325000	3.7002000000e-02
326000	4.2001000000e-02
327000	3.7485000000e-02
328000	4.0003000000e-02
329000	3.8508000000e-02
330000	3.9002000000e-02
331000	3.6482000000e-02
332000	3.8004000000e-02
333000	4.0509000000e-02
334000	3.7005000000e-02
335000	3.9003000000e-02
336000	3.9484000000e-02
337000	4.0000000000e-02
338000	3.9510000000e-02
339000	4.2000000000e-02
340000	4.0474000000e-02
341000	4.0003000000e-02
342000	4.0511000000e-02
343000	3.9005000000e-02
344000	4.0485000000e-02
345000	4.7002000000e-02
346000	4.3509000000e-02
347000	3.9003000000e-02
348000	4.5126000000e-02
349000	4.6004000000e-02
350000	4.2509000000e-02
351000	4.1002000000e-02
352000	4.4507000000e-02
353000	4.2003000000e-02
354000	4.0510000000e-02
355000	4.3005000000e-02
356000	4.5508000000e-02
357000	4.4005000000e-02
358000	4.8510000000e-02
359000	4.2004000000e-02
360000	4.2512000000e-02
361000	4.7004000000e-02
362000	4.5510000000e-02
363000	4.4005000000e-02
364000	4.3508000000e-02
365000	4.4003000000e-02
366000	4.2509000000e-02
367000	4.7005000000e-02
368000	4.5511000000e-02
369000	4.2003000000e-02
370000	4.9507000000e-02
371000	4.5004000000e-02
372000	4.1509000000e-02
373000	4.6003000000e-02
374000	4.5514000000e-02
375000	4.9005000000e-02
376000	4.6004000000e-02
377000	4.8093000000e-02
378000	4.3008000000e-02
379000	4.4540000000e-02
380000	4.4003000000e-02
381000	4.3504000000e-02
382000	4.4004000000e-02
383000	4.8036000000e-02
384000	4.6003000000e-02
385000	4.3242000000e-02
386000	5.1003000000e-02
387000	4.6512000000e-02
388000	4.9004000000e-02
389000	4.5507000000e-02
390000	4.5004000000e-02
391000	4.4519000000e-02
392000	4.8002000000e-02
393000	4.9511000000e-02
394000	4.5002000000e-02
395000	4.9006000000e-02
396000	4.9506000000e-02
397000	4.9003000000e-02
398000	5.0509000000e-02
399000	4.8004000000e-02
400000	5.0511000000e-02
401000	4.8004000000e-02
402000	5.0005000000e-02
403000	4.9506000000e-02
404000	5.1003000000e-02
405000	5.0509000000e-02
406000	5.0002000000e-02
407000	5.0510000000e-02
408000	4.8512000000e-02
409000	5.2005000000e-02
410000	4.7509000000e-02
411000	5.2006000000e-02
412000	5.1512000000e-02
413000	5.3002000000e-02
414000	5.1003000000e-02
415000	5.3516000000e-02
416000	4.9004000000e-02
417000	5.0508000000e-02
418000	5.3004000000e-02
419000	5.4002000000e-02
420000	5.6139000000e-02
421000	5.5004000000e-02
422000	5.3345000000e-02
423000	4.8508000000e-02
424000	5.0004000000e-02
425000	5.0487000000e-02
426000	5.3003000000e-02
427000	5.4509000000e-02
428000	5.4005000000e-02
429000	5.2004000000e-02
430000	5.3509000000e-02
431000	5.3004000000e-02
432000	5.7513000000e-02
433000	5.4512000000e-02
434000	6.4005000000e-02
435000	6.0514000000e-02
436000	6.4511000000e-02
437000	5.9002000000e-02
438000	5.3512000000e-02
439000	5.6513000000e-02
440000	5.3005000000e-02
441000	5.1484000000e-02
442000	5.4510000000e-02
443000	5.7004000000e-02
444000	5.5511000000e-02
445000	5.9004000000e-02
446000	5.5003000000e-02
447000	5.6510000000e-02
448000	5.7005000000e-02
449000	5.6514000000e-02
450000	5.6510000000e-02
451000	5.7004000000e-02
452000	5.5512000000e-02
453000	5.9509000000e-02
454000	5.7003000000e-02
455000	5.5509000000e-02
456000	5.8511000000e-02
457000	5.5005000000e-02
458000	5.2509000000e-02
459000	5.6003000000e-02
460000	5.6006000000e-02
461000	5.7173000000e-02
462000	5.7003000000e-02
463000	5.7513000000e-02
464000	5.8508000000e-02
465000	5.5005000000e-02
466000	5.6107000000e-02
467000	6.3515000000e-02
468000	6.0003000000e-02
469000	5.5510000000e-02
470000	5.8519000000e-02
471000	6.2005000000e-02
472000	6.1513000000e-02
473000	5.6514000000e-02
474000	6.1006000000e-02
475000	6.0005000000e-02
476000	5.9509000000e-02
477000	6.1004000000e-02
478000	6.0005000000e-02
479000	6.0512000000e-02
480000	7.0513000000e-02
481000	7.1003000000e-02
482000	7.1005000000e-02
483000	6.3512000000e-02
484000	6.0509000000e-02
485000	6.0009000000e-02
486000	6.1511000000e-02
487000	5.7511000000e-02
488000	5.9002000000e-02
489000	6.2004000000e-02
490000	6.3145000000e-02
491000	6.2517000000e-02
492000	6.4004000000e-02
493000	6.4509000000e-02
494000	6.5238000000e-02
495000	6.2004000000e-02
496000	6.4005000000e-02
497000	6.3508000000e-02
498000	6.4178000000e-02
499000	6.3006000000e-02
500000	7.3512000000e-02
501000	7.4511000000e-02
502000	7.6512000000e-02
503000	7.7512000000e-02
504000	7.7508000000e-02
505000	7.3031000000e-02
506000	7.5007000000e-02
507000	7.5315000000e-02
508000	7.5517000000e-02
509000	7.9511000000e-02
510000	7.6522000000e-02
511000	7.6512000000e-02
512000	8.0511000000e-02
513000	6.9006000000e-02
514000	6.4512000000e-02
515000	6.0513000000e-02
516000	6.6509000000e-02
517000	6.8005000000e-02
518000	5.8511000000e-02
519000	6.5511000000e-02
520000	6.3003000000e-02
521000	6.8007000000e-02
522000	6.1512000000e-02
523000	6.3510000000e-02
524000	6.1005000000e-02
525000	6.5511000000e-02
526000	6.5508000000e-02
527000	6.4513000000e-02
528000	6.6003000000e-02
529000	6.3005000000e-02
530000	6.4510000000e-02
531000	6.1510000000e-02
532000	6.7005000000e-02
533000	6.5511000000e-02
534000	6.9510000000e-02
535000	7.2512000000e-02
536000	6.6065000000e-02
537000	7.2006000000e-02
538000	6.7511000000e-02
539000	6.8508000000e-02
540000	6.4514000000e-02
541000	7.2006000000e-02
542000	7.3007000000e-02
543000	6.7511000000e-02
544000	6.9510000000e-02
545000	6.9510000000e-02
546000	6.7003000000e-02
547000	6.9004000000e-02
548000	7.0511000000e-02
549000	7.0511000000e-02
550000	7.2346000000e-02
551000	7.0034000000e-02
552000	7.2005000000e-02
553000	6.6512000000e-02
554000	6.8508000000e-02
555000	6.9511000000e-02
556000	7.6004000000e-02
557000	8.3890000000e-02
558000	8.3121000000e-02
559000	8.4514000000e-02
560000	8.2513000000e-02
561000	8.6523000000e-02
562000	8.0514000000e-02
563000	8.8519000000e-02
564000	7.5514000000e-02
565000	7.5512000000e-02
566000	7.0511000000e-02
567000	7.0007000000e-02
568000	6.9546000000e-02
569000	7.1509000000e-02
570000	7.3511000000e-02
571000	6.8510000000e-02
572000	7.0005000000e-02
573000	7.6005000000e-02
574000	6.8513000000e-02
575000	6.7512000000e-02
576000	7.5510000000e-02
577000	7.2006000000e-02
578000	7.0007000000e-02
579000	7.2249000000e-02
580000	6.8275000000e-02
581000	6.9029000000e-02
582000	7.8399000000e-02
583000	8.4003000000e-02
584000	8.3007000000e-02
585000	8.5005000000e-02
586000	8.8009000000e-02
587000	8.5107000000e-02
588000	8.4007000000e-02
589000	8.5514000000e-02
590000	8.6284000000e-02
591000	8.3517000000e-02
592000	8.4609000000e-02
593000	8.9082000000e-02
594000	8.1514000000e-02
595000	7.7513000000e-02
596000	7.5512000000e-02
597000	7.5512000000e-02
598000	7.4515000000e-02
599000	7.4006000000e-02
600000	7.5007000000e-02
601000	7.9128000000e-02
602000	7.2512000000e-02
603000	7.4511000000e-02
604000	7.8138000000e-02
605000	7.2518000000e-02
606000	7.7007000000e-02
607000	7.6006000000e-02
608000	7.9513000000e-02
609000	7.9514000000e-02
610000	8.6510000000e-02
611000	9.0603000000e-02
612000	8.8515000000e-02
613000	7.8511000000e-02
614000	7.8512000000e-02
615000	8.0512000000e-02
616000	8.4512000000e-02
617000	7.3510000000e-02
618000	7.6005000000e-02
619000	7.8007000000e-02
620000	8.8566000000e-02
621000	8.9518000000e-02
622000	9.2513000000e-02
623000	8.7069000000e-02
624000	7.9138000000e-02
625000	7.7515000000e-02
626000	7.6514000000e-02
627000	7.8515000000e-02
628000	9.5514000000e-02
629000	9.1514000000e-02
630000	9.2514000000e-02
631000	9.2515000000e-02
632000	9.5514000000e-02
633000	9.4513000000e-02
634000	9.3516000000e-02
635000	1.0388200000e-01
636000	8.9514000000e-02
637000	9.3514000000e-02
638000	9.1471000000e-02
639000	7.8515000000e-02
640000	8.1006000000e-02
641000	8.1007000000e-02
642000	7.7008000000e-02
643000	7.6513000000e-02
644000	8.3515000000e-02
645000	7.9510000000e-02
646000	8.0515000000e-02
647000	8.2514000000e-02
648000	8.0512000000e-02
649000	8.0515000000e-02
650000	8.3512000000e-02
651000	8.8508000000e-02
652000	8.0513000000e-02
653000	8.3513000000e-02
654000	8.1515000000e-02
655000	8.1005000000e-02
656000	8.4005000000e-02
657000	8.3329000000e-02
658000	7.9516000000e-02
659000	8.5516000000e-02
660000	9.0511000000e-02
661000	8.0513000000e-02
662000	9.3515000000e-02
663000	9.2510000000e-02
664000	8.3512000000e-02
665000	8.1516000000e-02
666000	8.4512000000e-02
667000	8.7513000000e-02
668000	8.6513000000e-02
669000	8.6512000000e-02
670000	8.4511000000e-02
671000	9.0514000000e-02
672000	8.1513000000e-02
673000	9.1512000000e-02
674000	8.5511000000e-02
675000	9.0512000000e-02
676000	8.8443000000e-02
677000	8.4515000000e-02
678000	8.4514000000e-02
679000	8.7514000000e-02
680000	8.7515000000e-02
681000	9.2509000000e-02
682000	8.9513000000e-02
683000	8.8515000000e-02
684000	8.8510000000e-02
685000	8.6512000000e-02
686000	8.3512000000e-02
687000	8.8512000000e-02
688000	9.1514000000e-02
689000	8.8512000000e-02
690000	8.8510000000e-02
691000	8.6512000000e-02
692000	9.1515000000e-02
693000	9.2513000000e-02
694000	8.8509000000e-02
695000	9.2121000000e-02
696000	8.7511000000e-02
697000	9.3516000000e-02
698000	9.0513000000e-02
699000	9.3516000000e-02
700000	8.8511000000e-02
701000	9.5515000000e-02
702000	9.2515000000e-02
703000	9.4514000000e-02
704000	8.8516000000e-02
705000	9.7513000000e-02
706000	9.0006000000e-02
707000	9.7517000000e-02
708000	9.3511000000e-02
709000	9.1513000000e-02
710000	9.1511000000e-02
711000	9.1511000000e-02
712000	8.7527000000e-02
713000	9.3513000000e-02
714000	9.1512000000e-02
715000	1.1151400000e-01
716000	1.0651800000e-01
717000	1.1351500000e-01
718000	1.0651400000e-01
719000	1.1251500000e-01
720000	9.7513000000e-02
721000	8.9512000000e-02
722000	9.2514000000e-02
723000	9.2516000000e-02
724000	9.1515000000e-02
725000	9.4512000000e-02
726000	9.6105000000e-02
727000	9.3514000000e-02
728000	9.2008000000e-02
729000	9.7512000000e-02
730000	1.1351300000e-01
731000	1.1651600000e-01
732000	1.1151200000e-01
733000	1.1751600000e-01
734000	1.1151400000e-01
735000	9.1512000000e-02
736000	9.4511000000e-02
737000	9.5516000000e-02
738000	9.9513000000e-02
739000	9.6514000000e-02
740000	1.0251300000e-01
741000	1.1251400000e-01
742000	1.0151200000e-01
743000	9.6512000000e-02
744000	9.5514000000e-02
745000	9.4511000000e-02
746000	9.8514000000e-02
747000	9.8514000000e-02
748000	9.7513000000e-02
749000	9.6514000000e-02
750000	9.4512000000e-02
751000	9.6510000000e-02
752000	1.0051300000e-01
753000	1.0405300000e-01
754000	1.0131300000e-01
755000	1.0251600000e-01
756000	9.9512000000e-02
757000	9.6459000000e-02
758000	1.1251500000e-01
759000	1.0848700000e-01
760000	1.2151600000e-01
761000	1.1351600000e-01
762000	1.1049000000e-01
763000	1.1751600000e-01
764000	1.1483600000e-01
765000	1.2506500000e-01
766000	1.1751400000e-01
767000	1.0251300000e-01
768000	9.7513000000e-02
769000	1.0251300000e-01
770000	1.0051200000e-01
771000	1.0251600000e-01
772000	9.2510000000e-02
773000	1.0051200000e-01
774000	9.9513000000e-02
775000	9.7514000000e-02
776000	9.9512000000e-02
777000	1.0551700000e-01
778000	1.2012600000e-01
779000	1.1138800000e-01
780000	9.6489000000e-02
781000	1.0551700000e-01
782000	9.5482000000e-02
783000	1.0851300000e-01
784000	1.0618300000e-01
785000	9.5515000000e-02
786000	8.9528000000e-02
787000	9.9137000000e-02
788000	9.8514000000e-02
789000	1.0651200000e-01
790000	1.0351300000e-01
791000	1.0251400000e-01
792000	1.0051500000e-01
793000	1.0651300000e-01
794000	1.0251600000e-01
795000	1.0851900000e-01
796000	9.8516000000e-02
797000	1.0251200000e-01
798000	1.2051500000e-01
799000	1.2451600000e-01
800000	1.2351600000e-01
801000	1.1902200000e-01
802000	1.1851600000e-01
803000	1.1951900000e-01
804000	1.2402100000e-01
805000	1.1751700000e-01
806000	1.1148200000e-01
807000	1.0251500000e-01
808000	1.1002200000e-01
809000	1.0251300000e-01
810000	9.9517000000e-02
811000	1.0551800000e-01
812000	1.0651400000e-01
813000	1.0251800000e-01
814000	9.8515000000e-02
815000	1.0851400000e-01
816000	1.0351300000e-01
817000	1.0851300000e-01
818000	1.0751700000e-01
819000	1.1057800000e-01
820000	1.0518300000e-01
821000	1.0751200000e-01
822000	1.0351300000e-01
823000	1.0851300000e-01
824000	1.0751400000e-01
825000	1.0651400000e-01
826000	1.1251700000e-01
827000	1.0751600000e-01
828000	1.0951100000e-01
829000	1.1251400000e-01
830000	1.1951600000e-01
831000	1.3052400000e-01
832000	1.1151400000e-01
833000	1.0051300000e-01
834000	1.2051600000e-01
835000	1.1302100000e-01
836000	1.0851500000e-01
837000	1.0751500000e-01
838000	1.0951400000e-01
839000	1.0751500000e-01
840000	1.1251400000e-01
841000	1.1251400000e-01
842000	1.0451800000e-01
843000	1.1251600000e-01
844000	1.0951300000e-01
845000	1.1151500000e-01
846000	1.0451300000e-01
847000	1.1151900000e-01
848000	1.1302300000e-01
849000	1.0851400000e-01
850000	1.1551600000e-01
851000	1.1251300000e-01
852000	1.1551300000e-01
853000	1.0751500000e-01
854000	1.0851600000e-01
855000	1.0651600000e-01
856000	1.0851200000e-01
857000	1.1451800000e-01
858000	1.0851600000e-01
859000	1.0751600000e-01
860000	1.1302300000e-01
861000	1.0951700000e-01
862000	1.1251500000e-01
863000	1.1926600000e-01
864000	1.0951700000e-01
865000	1.1451700000e-01
866000	1.1951300000e-01
867000	1.1452700000e-01
868000	1.1451600000e-01
869000	1.1451500000e-01
870000	1.1251500000e-01
871000	1.2251500000e-01
872000	1.0751500000e-01
873000	1.1151300000e-01
874000	1.1602400000e-01
875000	1.1251400000e-01
876000	1.1951500000e-01
877000	1.1251200000e-01
878000	1.1751800000e-01
879000	1.1551700000e-01
880000	1.1051400000e-01
881000	1.1602200000e-01
882000	1.1852000000e-01
883000	1.1451300000e-01
884000	1.2203000000e-01
885000	1.1751500000e-01
886000	1.1751800000e-01
887000	1.2302400000e-01
888000	1.2051700000e-01
889000	1.1451400000e-01
890000	1.1302700000e-01
891000	1.2351500000e-01
892000	1.1751500000e-01
893000	1.2102200000e-01
894000	1.1551600000e-01
895000	1.1851300000e-01
896000	1.2102400000e-01
897000	1.1851600000e-01
898000	1.1551700000e-01
899000	1.1702200000e-01
900000	1.1451700000e-01
901000	1.1851700000e-01
902000	1.2002400000e-01
903000	1.2251800000e-01
904000	1.1652200000e-01
905000	1.1456700000e-01
906000	1.2051800000e-01
907000	1.1551400000e-01
908000	1.1121700000e-01
909000	1.1251200000e-01
910000	1.2051500000e-01
911000	1.1851900000e-01
912000	1.1851400000e-01
913000	1.1451600000e-01
914000	1.2306500000e-01
915000	1.2251400000e-01
916000	1.2151800000e-01
917000	1.3902200000e-01
918000	1.4551700000e-01
919000	1.3751600000e-01
920000	1.3603300000e-01
921000	1.3951700000e-01
922000	1.3902300000e-01
923000	1.1951300000e-01
924000	1.2551700000e-01
925000	1.1851100000e-01
926000	1.2151300000e-01
927000	1.1751300000e-01
928000	1.2551800000e-01
929000	1.2252000000e-01
930000	1.3603800000e-01
931000	1.5119100000e-01
932000	1.4552500000e-01
933000	1.3957000000e-01
934000	1.2551800000e-01
935000	1.2151800000e-01
936000	1.2351600000e-01
937000	1.2250400000e-01
938000	1.1702500000e-01
939000	1.2051500000e-01
940000	1.2952200000e-01
941000	1.1951400000e-01
942000	1.2851400000e-01
943000	1.2201900000e-01
944000	1.2120700000e-01
945000	1.2523700000e-01
946000	1.2302200000e-01
947000	1.2451700000e-01
948000	1.2151600000e-01
949000	1.3051900000e-01
950000	1.2551800000e-01
951000	1.3102300000e-01
952000	1.2151500000e-01
953000	1.2402200000e-01
954000	1.2252300000e-01
955000	1.2351400000e-01
956000	1.2051800000e-01
957000	1.2351800000e-01
958000	1.3002300000e-01
959000	1.2651600000e-01
960000	1.2651600000e-01
961000	1.2351700000e-01
962000	1.3051800000e-01
963000	1.3002000000e-01
964000	1.2047400000e-01
965000	1.2999900000e-01
966000	1.2851800000e-01
967000	1.2249100000e-01
968000	1.3249100000e-01
969000	1.2951900000e-01
970000	1.3052200000e-01
971000	1.2748500000e-01
972000	1.2967400000e-01
973000	1.3333300000e-01
974000	1.2499600000e-01
975000	1.2752300000e-01
976000	1.2898900000e-01
977000	1.3149000000e-01
978000	1.3451400000e-01
979000	1.3221700000e-01
980000	1.2840100000e-01
981000	1.2803700000e-01
982000	1.2751800000e-01
983000	1.2802300000e-01
984000	1.2451700000e-01
985000	1.2702600000e-01
986000	1.2851700000e-01
987000	1.2751500000e-01
988000	1.3052000000e-01
989000	1.3051900000e-01
990000	1.2751400000e-01
991000	1.3052100000e-01
992000	1.3302600000e-01
993000	1.3151700000e-01
994000	1.3402600000e-01
995000	1.2351700000e-01
996000	1.3602400000e-01
997000	1.3552000000e-01
998000	1.3202600000e-01
999000	1.3451800000e-01
1000000	1.2902100000e-01
