1000	0.0000000000e+00
2000	0.0000000000e+00
3000	0.0000000000e+00
4000	0.0000000000e+00
5000	9.9900000000e-04
6000	1.0000000000e-03
7000	0.0000000000e+00
8000	0.0000000000e+00
9000	0.0000000000e+00
10000	0.0000000000e+00
11000	0.0000000000e+00
12000	0.0000000000e+00
13000	1.0010000000e-03
14000	1.0000000000e-03
15000	9.9900000000e-04
16000	1.0030000000e-03
17000	9.9900000000e-04
18000	9.9900000000e-04
19000	1.0000000000e-03
20000	1.0000000000e-03
21000	2.0020000000e-03
22000	2.0030000000e-03
23000	1.0000000000e-03
24000	1.0000000000e-03
25000	9.9900000000e-04
26000	1.9970000000e-03
27000	1.0000000000e-03
28000	2.0000000000e-03
29000	2.0040000000e-03
30000	2.0000000000e-03
31000	1.9980000000e-03
32000	2.0040000000e-03
33000	2.9980000000e-03
34000	3.0010000000e-03
35000	1.0000000000e-03
36000	3.0000000000e-03
37000	2.9990000000e-03
38000	1.9980000000e-03
39000	2.0010000000e-03
40000	3.0040000000e-03
41000	2.9980000000e-03
42000	2.0050000000e-03
43000	3.0010000000e-03
44000	3.0040000000e-03
45000	3.0000000000e-03
46000	3.0000000000e-03
47000	2.9970000000e-03
48000	4.0040000000e-03
49000	3.0010000000e-03
50000	3.0030000000e-03
51000	4.9980000000e-03
52000	4.0020000000e-03
53000	3.0000000000e-03
54000	2.9960000000e-03
55000	3.0040000000e-03
56000	2.9970000000e-03
57000	4.0010000000e-03
58000	4.0000000000e-03
59000	3.5080000000e-03
60000	4.0050000000e-03
61000	3.9990000000e-03
62000	3.9990000000e-03
63000	5.0020000000e-03
64000	3.9950000000e-03
65000	4.9990000000e-03
66000	6.0000000000e-03
67000	4.0010000000e-03
68000	5.0000000000e-03
69000	3.9940000000e-03
70000	4.0000000000e-03
71000	4.0010000000e-03
72000	5.0010000000e-03
73000	4.9990000000e-03
74000	4.9980000000e-03
75000	5.5080000000e-03
76000	5.0020000000e-03
77000	5.9980000000e-03
78000	5.0000000000e-03
79000	5.0000000000e-03
80000	4.9990000000e-03
81000	6.9980000000e-03
82000	6.0020000000e-03
83000	6.0000000000e-03
84000	6.0040000000e-03
85000	6.0020000000e-03
86000	6.0000000000e-03
87000	6.9990000000e-03
88000	7.0000000000e-03
89000	5.9980000000e-03
90000	6.0000000000e-03
91000	6.0030000000e-03
92000	5.9950000000e-03
93000	8.0010000000e-03
94000	6.0030000000e-03
95000	8.0010000000e-03
96000	6.0000000000e-03
97000	7.0020000000e-03
98000	6.0000000000e-03
99000	7.0010000000e-03
100000	6.5090000000e-03
101000	7.0000000000e-03
102000	7.0010000000e-03
103000	7.0010000000e-03
104000	6.9990000000e-03
105000	8.0000000000e-03
106000	8.0000000000e-03
107000	8.0000000000e-03
108000	7.0010000000e-03
109000	6.9980000000e-03
110000	8.0010000000e-03
111000	7.5090000000e-03
112000	8.0000000000e-03
113000	8.0010000000e-03
114000	8.0010000000e-03
115000	7.9990000000e-03
116000	9.0010000000e-03
117000	9.0020000000e-03
118000	9.9980000000e-03
119000	7.9990000000e-03
120000	8.5120000000e-03
121000	9.0020000000e-03
122000	8.9990000000e-03
123000	1.2001000000e-02
124000	9.0010000000e-03
125000	9.0010000000e-03
126000	9.0010000000e-03
127000	9.0000000000e-03
128000	1.0000000000e-02
129000	1.1514000000e-02
130000	9.0020000000e-03
131000	1.0002000000e-02
132000	1.1002000000e-02
133000	1.1000000000e-02
134000	1.0002000000e-02
135000	1.1000000000e-02
136000	1.0509000000e-02
137000	1.2001000000e-02
138000	1.2001000000e-02
139000	1.1000000000e-02
140000	1.3001000000e-02
141000	1.1005000000e-02
142000	1.0999000000e-02
143000	1.1511000000e-02
144000	1.3001000000e-02
145000	1.1001000000e-02
146000	1.1004000000e-02
147000	1.1002000000e-02
148000	1.2001000000e-02
149000	1.1997000000e-02
150000	1.1506000000e-02
151000	1.1000000000e-02
152000	1.2001000000e-02
153000	1.4003000000e-02
154000	1.5000000000e-02
155000	1.3002000000e-02
156000	1.2511000000e-02
157000	1.3004000000e-02
158000	1.2004000000e-02
159000	1.3001000000e-02
160000	1.2002000000e-02
161000	1.2999000000e-02
162000	1.5000000000e-02
163000	1.4513000000e-02
164000	1.3999000000e-02
165000	1.3002000000e-02
166000	1.3998000000e-02
167000	1.5001000000e-02
168000	1.5999000000e-02
169000	1.3001000000e-02
170000	1.6002000000e-02
171000	1.5001000000e-02
172000	1.4000000000e-02
173000	1.3000000000e-02
174000	1.3507000000e-02
175000	1.4001000000e-02
176000	1.5001000000e-02
177000	1.7003000000e-02
178000	1.5002000000e-02
179000	1.6001000000e-02
180000	1.4509000000e-02
181000	1.6001000000e-02
182000	1.7002000000e-02
183000	1.5003000000e-02
184000	1.7001000000e-02
185000	1.5512000000e-02
186000	1.5001000000e-02
187000	1.6001000000e-02
188000	1.5002000000e-02
189000	1.5003000000e-02
190000	1.7515000000e-02
191000	1.5004000000e-02
192000	1.7002000000e-02
193000	1.7002000000e-02
194000	1.6001000000e-02
195000	1.6515000000e-02
196000	1.7000000000e-02
197000	1.7001000000e-02
198000	1.7003000000e-02
199000	1.7000000000e-02
200000	1.6509000000e-02
201000	1.6005000000e-02
202000	1.8001000000e-02
203000	1.8002000000e-02
204000	1.6999000000e-02
205000	1.8512000000e-02
206000	1.6001000000e-02
207000	2.0001000000e-02
208000	1.6003000000e-02
209000	1.9510000000e-02
210000	1.9001000000e-02
211000	1.9002000000e-02
212000	1.9001000000e-02
213000	1.6999000000e-02
214000	1.8002000000e-02
215000	1.8003000000e-02
216000	1.6001000000e-02
217000	1.9997000000e-02
218000	2.1506000000e-02
219000	2.0002000000e-02
220000	2.1002000000e-02
221000	1.8002000000e-02
222000	1.8508000000e-02
223000	1.9004000000e-02
224000	1.9000000000e-02
225000	1.9003000000e-02
226000	1.8392000000e-02
227000	1.9001000000e-02
228000	1.9001000000e-02
229000	1.8004000000e-02
230000	1.9002000000e-02
231000	1.9002000000e-02
232000	1.9001000000e-02
233000	2.1002000000e-02
234000	2.1998000000e-02
235000	2.1003000000e-02
236000	2.0003000000e-02
237000	1.9001000000e-02
238000	2.1001000000e-02
239000	2.1509000000e-02
240000	2.1002000000e-02
241000	2.2005000000e-02
242000	2.1000000000e-02
243000	2.2004000000e-02
244000	2.1001000000e-02
245000	2.4001000000e-02
246000	2.1506000000e-02
247000	2.1003000000e-02
248000	2.1001000000e-02
249000	2.1001000000e-02
250000	2.0116000000e-02
251000	2.3003000000e-02
252000	2.1001000000e-02
253000	2.0999000000e-02
254000	2.1003000000e-02
255000	2.4002000000e-02
256000	2.1001000000e-02
257000	2.3507000000e-02
258000	2.0002000000e-02
259000	2.3001000000e-02
260000	2.1002000000e-02
261000	2.3507000000e-02
262000	2.3001000000e-02
263000	2.4001000000e-02
264000	2.0507000000e-02
265000	2.2003000000e-02
266000	2.1002000000e-02
267000	2.0002000000e-02
268000	2.1508000000e-02
269000	2.7004000000e-02
270000	2.2000000000e-02
271000	2.5999000000e-02
272000	2.3002000000e-02
273000	2.2001000000e-02
274000	2.3003000000e-02
275000	2.1507000000e-02
276000	2.2001000000e-02
277000	2.2001000000e-02
278000	2.5002000000e-02
279000	2.4510000000e-02
280000	2.3002000000e-02
281000	2.3000000000e-02
282000	2.1507000000e-02
283000	2.3004000000e-02
284000	2.5001000000e-02
285000	2.4002000000e-02
286000	2.5005000000e-02
287000	2.3002000000e-02
288000	2.6999000000e-02
289000	2.4508000000e-02
290000	2.7001000000e-02
291000	2.9000000000e-02
292000	2.4511000000e-02
293000	2.5002000000e-02
294000	2.5000000000e-02
295000	2.5064000000e-02
296000	2.4001000000e-02
297000	2.8001000000e-02
298000	2.7505000000e-02
299000	2.6003000000e-02
300000	2.4002000000e-02
301000	2.5504000000e-02
302000	2.7056000000e-02
303000	2.6003000000e-02
304000	2.6507000000e-02
305000	2.7003000000e-02
306000	2.8002000000e-02
307000	2.9513000000e-02
308000	2.5001000000e-02
309000	2.9000000000e-02
310000	2.7508000000e-02
311000	2.7003000000e-02
312000	2.5002000000e-02
313000	2.4506000000e-02
314000	2.9002000000e-02
315000	2.9001000000e-02
316000	2.6507000000e-02
317000	2.8001000000e-02
318000	2.9001000000e-02
319000	2.5001000000e-02
320000	2.9002000000e-02
321000	2.6002000000e-02
322000	2.6506000000e-02
323000	2.7002000000e-02
324000	3.0002000000e-02
325000	2.6506000000e-02
326000	2.8003000000e-02
327000	2.8002000000e-02
328000	3.0507000000e-02
329000	2.7003000000e-02
330000	2.9003000000e-02
331000	2.9507000000e-02
332000	3.2001000000e-02
333000	2.9000000000e-02
334000	2.7510000000e-02
335000	3.4004000000e-02
336000	2.9507000000e-02
337000	3.2003000000e-02
338000	3.0003000000e-02
339000	3.0507000000e-02
340000	2.8004000000e-02
341000	3.0002000000e-02
342000	2.9507000000e-02
343000	2.8003000000e-02
344000	2.9001000000e-02
345000	3.0511000000e-02
346000	3.0003000000e-02
347000	3.0505000000e-02
348000	3.0003000000e-02
349000	3.3004000000e-02
350000	3.2511000000e-02
351000	3.3003000000e-02
352000	3.0002000000e-02
353000	3.4001000000e-02
354000	3.2003000000e-02
355000	3.1507000000e-02
356000	3.1002000000e-02
357000	3.1001000000e-02
358000	3.2509000000e-02
359000	3.1003000000e-02
360000	3.3505000000e-02
361000	3.7002000000e-02
362000	3.3004000000e-02
363000	3.4002000000e-02
364000	3.2001000000e-02
365000	3.2506000000e-02
366000	3.2003000000e-02
367000	3.1001000000e-02
368000	3.5511000000e-02
369000	3.3003000000e-02
370000	3.2506000000e-02
371000	3.5002000000e-02
372000	3.4001000000e-02
373000	3.5003000000e-02
374000	3.3002000000e-02
375000	3.4129000000e-02
376000	3.1004000000e-02
377000	3.3512000000e-02
378000	3.2003000000e-02
379000	3.6000000000e-02
380000	3.5510000000e-02
381000	3.1002000000e-02
382000	3.6508000000e-02
383000	3.2002000000e-02
384000	3.5000000000e-02
385000	3.1002000000e-02
386000	3.3001000000e-02
387000	3.4506000000e-02
388000	3.5002000000e-02
389000	3.3002000000e-02
390000	3.4004000000e-02
391000	3.4004000000e-02
392000	3.3259000000e-02
393000	3.6004000000e-02
394000	3.4509000000e-02
395000	3.7001000000e-02
396000	3.5002000000e-02
397000	3.3000000000e-02
398000	3.3002000000e-02
399000	3.5507000000e-02
400000	3.5003000000e-02
401000	3.8507000000e-02
402000	3.8003000000e-02
403000	3.8003000000e-02
404000	3.5508000000e-02
405000	3.5004000000e-02
406000	3.7509000000e-02
407000	4.0004000000e-02
408000	3.6507000000e-02
409000	3.8002000000e-02
410000	3.4507000000e-02
411000	3.8002000000e-02
412000	3.7002000000e-02
413000	3.6508000000e-02
414000	3.7004000000e-02
415000	4.0002000000e-02
416000	3.8002000000e-02
417000	3.4511000000e-02
418000	3.7004000000e-02
419000	3.9510000000e-02
420000	3.9003000000e-02
421000	3.7508000000e-02
422000	3.9003000000e-02
423000	4.1503000000e-02
424000	3.7002000000e-02
425000	3.7000000000e-02
426000	4.0004000000e-02
427000	3.9004000000e-02
428000	6.2006000000e-02
429000	3.8506000000e-02
430000	3.8003000000e-02
431000	3.9511000000e-02
432000	3.8003000000e-02
433000	4.0240000000e-02
434000	4.1004000000e-02
435000	3.9002000000e-02
436000	3.7002000000e-02
437000	3.8003000000e-02
438000	3.7511000000e-02
439000	4.0004000000e-02
440000	4.3505000000e-02
441000	4.2003000000e-02
442000	4.2508000000e-02
443000	4.1005000000e-02
444000	4.0156000000e-02
445000	4.1004000000e-02
446000	4.0512000000e-02
447000	3.9004000000e-02
448000	4.0507000000e-02
449000	4.0005000000e-02
450000	3.9508000000e-02
451000	4.1003000000e-02
452000	4.3512000000e-02
453000	4.3004000000e-02
454000	4.4508000000e-02
455000	4.0004000000e-02
456000	4.1509000000e-02
457000	4.4002000000e-02
458000	3.9114000000e-02
459000	4.0003000000e-02
460000	4.0206000000e-02
461000	4.4004000000e-02
462000	3.9506000000e-02
463000	4.2002000000e-02
464000	4.2509000000e-02
465000	4.2003000000e-02
466000	4.5509000000e-02
467000	4.1002000000e-02
468000	4.1506000000e-02
469000	4.5003000000e-02
470000	4.7513000000e-02
471000	4.3002000000e-02
472000	4.4509000000e-02
473000	4.4001000000e-02
474000	4.5004000000e-02
475000	4.3005000000e-02
476000	4.0002000000e-02
477000	4.7510000000e-02
478000	4.2004000000e-02
479000	4.4510000000e-02
480000	4.6004000000e-02
481000	4.4509000000e-02
482000	4.4004000000e-02
483000	4.1510000000e-02
484000	4.6003000000e-02
485000	4.6331000000e-02
486000	4.6006000000e-02
487000	4.6509000000e-02
488000	4.7004000000e-02
489000	4.3164000000e-02
490000	5.0005000000e-02
491000	4.5003000000e-02
492000	4.6509000000e-02
493000	4.5004000000e-02
494000	4.4510000000e-02
495000	4.7005000000e-02
496000	4.5513000000e-02
497000	4.6004000000e-02
498000	4.5511000000e-02
499000	4.5003000000e-02
500000	4.5005000000e-02
501000	4.8512000000e-02
502000	4.6003000000e-02
503000	4.6514000000e-02
504000	4.3003000000e-02
505000	4.5510000000e-02
506000	4.9004000000e-02
507000	4.7510000000e-02
508000	4.7006000000e-02
509000	4.4004000000e-02
510000	4.9511000000e-02
511000	4.8005000000e-02
512000	4.2508000000e-02
513000	5.3005000000e-02
514000	4.6511000000e-02
515000	4.8005000000e-02
516000	4.9510000000e-02
517000	5.0508000000e-02
518000	4.8004000000e-02
519000	4.7512000000e-02
520000	5.2004000000e-02
521000	5.2510000000e-02
522000	4.6510000000e-02
523000	4.9004000000e-02
524000	5.0511000000e-02
525000	5.4007000000e-02
526000	5.5513000000e-02
527000	5.0512000000e-02
528000	4.9004000000e-02
529000	4.8510000000e-02
530000	5.3005000000e-02
531000	5.0510000000e-02
532000	4.6510000000e-02
533000	5.1004000000e-02
534000	5.2507000000e-02
535000	5.2004000000e-02
536000	5.1007000000e-02
537000	5.4508000000e-02
538000	5.5004000000e-02
539000	5.1511000000e-02
540000	5.0514000000e-02
541000	5.4005000000e-02
542000	5.0509000000e-02
543000	5.0002000000e-02
544000	5.5511000000e-02
545000	5.1509000000e-02
546000	5.1003000000e-02
547000	5.2507000000e-02
548000	5.4004000000e-02
549000	5.2004000000e-02
550000	5.0508000000e-02
551000	5.1003000000e-02
552000	5.1511000000e-02
553000	4.8002000000e-02
554000	5.5005000000e-02
555000	5.6513000000e-02
556000	5.5004000000e-02
557000	5.4004000000e-02
558000	4.9512000000e-02
559000	5.6005000000e-02
560000	5.3510000000e-02
561000	5.4511000000e-02
562000	5.4005000000e-02
563000	5.5510000000e-02
564000	5.3511000000e-02
565000	5.2004000000e-02
566000	5.6509000000e-02
567000	5.3003000000e-02
568000	5.2005000000e-02
569000	5.1509000000e-02
570000	5.7009000000e-02
571000	5.5004000000e-02
572000	5.8089000000e-02
573000	5.8003000000e-02
574000	5.3003000000e-02
575000	5.5508000000e-02
576000	5.4005000000e-02
577000	5.2512000000e-02
578000	5.5511000000e-02
579000	5.4005000000e-02
580000	5.7512000000e-02
581000	5.3508000000e-02
582000	5.6005000000e-02
583000	5.6513000000e-02
584000	5.5512000000e-02
585000	5.6005000000e-02
586000	5.6511000000e-02
587000	5.6507000000e-02
588000	5.8003000000e-02
589000	5.1512000000e-02
590000	5.9509000000e-02
591000	6.0006000000e-02
592000	5.6607000000e-02
593000	5.4515000000e-02
594000	5.8003000000e-02
595000	5.7511000000e-02
596000	5.3510000000e-02
597000	5.7005000000e-02
598000	6.1514000000e-02
599000	5.4512000000e-02
600000	5.9005000000e-02
601000	5.7006000000e-02
602000	5.5512000000e-02
603000	5.6004000000e-02
604000	5.9004000000e-02
605000	5.9510000000e-02
606000	5.8004000000e-02
607000	6.0007000000e-02
608000	5.8512000000e-02
609000	5.5510000000e-02
610000	6.1006000000e-02
611000	5.8509000000e-02
612000	5.9513000000e-02
613000	6.0003000000e-02
614000	5.4509000000e-02
615000	5.9512000000e-02
616000	5.8003000000e-02
617000	5.9511000000e-02
618000	6.0512000000e-02
619000	5.7005000000e-02
620000	6.2005000000e-02
621000	5.8514000000e-02
622000	6.0509000000e-02
623000	6.1004000000e-02
624000	6.5514000000e-02
625000	6.2509000000e-02
626000	6.0005000000e-02
627000	6.2004000000e-02
628000	5.8513000000e-02
629000	6.3508000000e-02
630000	6.6004000000e-02
631000	6.9004000000e-02
632000	6.3511000000e-02
633000	6.1510000000e-02
634000	6.1003000000e-02
635000	6.3004000000e-02
636000	6.6444000000e-02
637000	6.6512000000e-02
638000	6.0003000000e-02
639000	6.6005000000e-02
640000	6.4510000000e-02
641000	6.5510000000e-02
642000	6.5004000000e-02
643000	6.7004000000e-02
644000	5.7512000000e-02
645000	6.3513000000e-02
646000	6.3003000000e-02
647000	6.5006000000e-02
648000	6.3511000000e-02
649000	6.3512000000e-02
650000	6.5004000000e-02
651000	6.6005000000e-02
652000	6.3512000000e-02
653000	6.3512000000e-02
654000	6.2004000000e-02
655000	6.6009000000e-02
656000	6.2510000000e-02
657000	6.2538000000e-02
658000	6.8003000000e-02
659000	6.5007000000e-02
660000	6.7515000000e-02
661000	6.8515000000e-02
662000	6.3511000000e-02
663000	6.2006000000e-02
664000	6.9513000000e-02
665000	7.3511000000e-02
666000	7.3513000000e-02
667000	7.0513000000e-02
668000	6.7006000000e-02
669000	6.6006000000e-02
670000	7.1137000000e-02
671000	6.6446000000e-02
672000	6.6511000000e-02
673000	7.1006000000e-02
674000	6.7489000000e-02
675000	6.8512000000e-02
676000	6.5485000000e-02
677000	6.6512000000e-02
678000	6.6005000000e-02
679000	7.0481000000e-02
680000	7.2511000000e-02
681000	6.7490000000e-02
682000	6.8510000000e-02
683000	6.5005000000e-02
684000	6.9494000000e-02
685000	6.6512000000e-02
686000	6.8481000000e-02
687000	6.9511000000e-02
688000	6.9006000000e-02
689000	6.9482000000e-02
690000	6.6510000000e-02
691000	6.6496000000e-02
692000	7.2510000000e-02
693000	7.2006000000e-02
694000	6.9004000000e-02
695000	7.0513000000e-02
696000	7.1481000000e-02
697000	6.9512000000e-02
698000	6.6487000000e-02
699000	7.3006000000e-02
700000	6.9513000000e-02
701000	7.2497000000e-02
702000	6.9508000000e-02
703000	6.9486000000e-02
704000	7.0005000000e-02
705000	6.9007000000e-02
706000	7.3485000000e-02
707000	7.1511000000e-02
708000	6.7492000000e-02
709000	7.1512000000e-02
710000	7.7486000000e-02
711000	6.8005000000e-02
712000	7.0511000000e-02
713000	7.2507000000e-02
714000	7.3513000000e-02
715000	6.9466000000e-02
716000	7.0005000000e-02
717000	7.2005000000e-02
718000	7.1486000000e-02
719000	6.9511000000e-02
720000	7.3487000000e-02
721000	7.3512000000e-02
722000	7.0508000000e-02
723000	7.4005000000e-02
724000	7.7006000000e-02
725000	7.5063000000e-02
726000	7.3409000000e-02
727000	7.5512000000e-02
728000	7.1495000000e-02
729000	7.7512000000e-02
730000	7.3482000000e-02
731000	7.4005000000e-02
732000	7.4005000000e-02
733000	7.0491000000e-02
734000	7.7515000000e-02
735000	7.5484000000e-02
736000	7.5513000000e-02
737000	7.2487000000e-02
738000	7.5512000000e-02
739000	7.4007000000e-02
740000	7.5006000000e-02
741000	7.6511000000e-02
742000	7.7484000000e-02
743000	7.9510000000e-02
744000	7.6493000000e-02
745000	7.3513000000e-02
746000	7.2486000000e-02
747000	7.8513000000e-02
748000	7.9004000000e-02
749000	7.2005000000e-02
750000	7.6516000000e-02
751000	7.7486000000e-02
752000	7.8513000000e-02
753000	7.8485000000e-02
754000	7.6513000000e-02
755000	7.9492000000e-02
756000	7.7513000000e-02
757000	8.0482000000e-02
758000	7.7006000000e-02
759000	7.6006000000e-02
760000	7.7487000000e-02
761000	7.8515000000e-02
762000	8.1496000000e-02
763000	7.6511000000e-02
764000	7.6480000000e-02
765000	7.5513000000e-02
766000	8.0494000000e-02
767000	8.0513000000e-02
768000	8.0489000000e-02
769000	8.0511000000e-02
770000	8.3005000000e-02
771000	8.1005000000e-02
772000	8.2006000000e-02
773000	8.1007000000e-02
774000	7.9494000000e-02
775000	8.2514000000e-02
776000	7.9488000000e-02
777000	8.2513000000e-02
778000	7.8491000000e-02
779000	8.2513000000e-02
780000	7.8052000000e-02
781000	8.0427000000e-02
782000	7.9513000000e-02
783000	7.9492000000e-02
784000	7.8515000000e-02
785000	8.1488000000e-02
786000	8.3514000000e-02
787000	7.7008000000e-02
788000	7.8005000000e-02
789000	8.0513000000e-02
790000	7.9491000000e-02
791000	8.3514000000e-02
792000	8.1484000000e-02
793000	7.6512000000e-02
794000	8.3490000000e-02
795000	8.1511000000e-02
796000	8.4043000000e-02
797000	8.0445000000e-02
798000	8.5510000000e-02
799000	8.9490000000e-02
800000	8.7514000000e-02
801000	8.5487000000e-02
802000	8.0512000000e-02
803000	8.3490000000e-02
804000	8.0512000000e-02
805000	8.3491000000e-02
806000	8.1515000000e-02
807000	8.1484000000e-02
808000	8.5517000000e-02
809000	8.3006000000e-02
810000	8.7514000000e-02
811000	8.7110000000e-02
812000	8.0004000000e-02
813000	9.1508000000e-02
814000	8.2008000000e-02
815000	8.5005000000e-02
816000	8.6007000000e-02
817000	8.6006000000e-02
818000	8.5010000000e-02
819000	8.9008000000e-02
820000	9.1007000000e-02
821000	8.9007000000e-02
822000	8.7006000000e-02
823000	8.2005000000e-02
824000	8.5009000000e-02
825000	8.6006000000e-02
826000	8.5006000000e-02
827000	8.4007000000e-02
828000	8.9007000000e-02
829000	8.9008000000e-02
830000	8.5005000000e-02
831000	9.1515000000e-02
832000	9.2514000000e-02
833000	9.1511000000e-02
834000	8.9520000000e-02
835000	8.4513000000e-02
836000	7.9512000000e-02
837000	9.2515000000e-02
838000	8.7514000000e-02
839000	9.0512000000e-02
840000	8.8512000000e-02
841000	9.1515000000e-02
842000	9.0510000000e-02
843000	8.7513000000e-02
844000	8.7517000000e-02
845000	8.8512000000e-02
846000	8.2486000000e-02
847000	9.0514000000e-02
848000	8.5484000000e-02
849000	9.0513000000e-02
850000	9.8511000000e-02
851000	9.2514000000e-02
852000	8.9007000000e-02
853000	9.2007000000e-02
854000	8.9513000000e-02
855000	9.0489000000e-02
856000	8.6511000000e-02
857000	9.6490000000e-02
858000	8.8508000000e-02
859000	9.0495000000e-02
860000	9.2512000000e-02
861000	9.4490000000e-02
862000	9.0517000000e-02
863000	9.2488000000e-02
864000	9.6514000000e-02
865000	9.0488000000e-02
866000	9.5513000000e-02
867000	8.8489000000e-02
868000	9.5007000000e-02
869000	9.3519000000e-02
870000	9.5490000000e-02
871000	9.2518000000e-02
872000	9.7485000000e-02
873000	9.1515000000e-02
874000	9.5487000000e-02
875000	8.8512000000e-02
876000	8.7494000000e-02
877000	9.7514000000e-02
878000	9.5489000000e-02
879000	8.9504000000e-02
880000	9.1487000000e-02
881000	9.0006000000e-02
882000	9.3516000000e-02
883000	9.6487000000e-02
884000	9.4512000000e-02
885000	9.7489000000e-02
886000	8.7517000000e-02
887000	9.4485000000e-02
888000	9.9515000000e-02
889000	9.6117000000e-02
890000	9.0311000000e-02
891000	9.2515000000e-02
892000	9.4514000000e-02
893000	9.7514000000e-02
894000	9.4514000000e-02
895000	9.5011000000e-02
896000	9.3494000000e-02
897000	9.9514000000e-02
898000	9.3488000000e-02
899000	9.7516000000e-02
900000	9.7488000000e-02
901000	9.7514000000e-02
902000	9.5368000000e-02
903000	9.8516000000e-02
904000	9.6495000000e-02
905000	9.3512000000e-02
906000	9.6488000000e-02
907000	9.6513000000e-02
908000	9.7491000000e-02
909000	9.3511000000e-02
910000	9.6487000000e-02
911000	9.4482000000e-02
912000	1.0051500000e-01
913000	9.4490000000e-02
914000	9.9518000000e-02
915000	8.9486000000e-02
916000	9.7512000000e-02
917000	1.1549500000e-01
918000	1.1249100000e-01
919000	1.0051300000e-01
920000	1.0348200000e-01
921000	9.7512000000e-02
922000	9.6498000000e-02
923000	1.1199900000e-01
924000	1.1051400000e-01
925000	9.7488000000e-02
926000	9.5521000000e-02
927000	1.0348000000e-01
928000	1.0251200000e-01
929000	1.0351700000e-01
930000	9.5488000000e-02
931000	9.7514000000e-02
932000	9.8490000000e-02
933000	9.6513000000e-02
934000	9.7129000000e-02
935000	9.8363000000e-02
936000	1.0399300000e-01
937000	1.0051500000e-01
938000	1.0312900000e-01
939000	1.0236100000e-01
940000	1.0051400000e-01
941000	9.9489000000e-02
942000	9.5010000000e-02
943000	9.8397000000e-02
944000	9.2513000000e-02
945000	9.6488000000e-02
946000	9.8515000000e-02
947000	1.0048900000e-01
948000	1.0351600000e-01
949000	1.0299600000e-01
950000	9.9486000000e-02
951000	9.9515000000e-02
952000	1.0106100000e-01
953000	9.7143000000e-02
954000	1.0229900000e-01
955000	1.0801800000e-01
956000	1.0651100000e-01
957000	1.0461700000e-01
958000	1.1733600000e-01
959000	1.0751200000e-01
960000	1.0519000000e-01
961000	1.2106900000e-01
962000	1.1605800000e-01
963000	1.0451700000e-01
964000	1.0052200000e-01
965000	9.8515000000e-02
966000	1.0351400000e-01
967000	9.5515000000e-02
968000	1.0305300000e-01
969000	1.0152200000e-01
970000	1.0651500000e-01
971000	1.0751900000e-01
972000	1.0651400000e-01
973000	1.0652100000e-01
974000	1.1251600000e-01
975000	1.0551600000e-01
976000	1.0851500000e-01
977000	1.2359100000e-01
978000	1.1014400000e-01
979000	1.0551400000e-01
980000	1.0157100000e-01
981000	1.0768600000e-01
982000	1.0951300000e-01
983000	1.0751900000e-01
984000	1.0451300000e-01
985000	1.1001900000e-01
986000	1.0951200000e-01
987000	1.0251400000e-01
988000	1.0946400000e-01
989000	1.0551300000e-01
990000	1.0551200000e-01
991000	1.0951500000e-01
992000	1.0746600000e-01
993000	1.0851200000e-01
994000	1.3032200000e-01
995000	1.3351600000e-01
996000	1.2951400000e-01
997000	1.2251700000e-01
998000	1.0802200000e-01
999000	1.0851400000e-01
1000000	1.0551500000e-01
