1000	0.0000000000e+00
2000	0.0000000000e+00
3000	0.0000000000e+00
4000	0.0000000000e+00
5000	0.0000000000e+00
6000	0.0000000000e+00
7000	1.0000000000e-03
8000	1.0010000000e-03
9000	1.0000000000e-03
10000	1.0010000000e-03
11000	1.0000000000e-03
12000	1.0000000000e-03
13000	2.0050000000e-03
14000	1.9950000000e-03
15000	2.0000000000e-03
16000	2.0000000000e-03
17000	2.0020000000e-03
18000	2.0000000000e-03
19000	2.0000000000e-03
20000	2.0010000000e-03
21000	3.0000000000e-03
22000	2.0020000000e-03
23000	3.0020000000e-03
24000	2.9980000000e-03
25000	3.0020000000e-03
26000	3.9580000000e-03
27000	3.0010000000e-03
28000	3.0010000000e-03
29000	3.0020000000e-03
30000	3.0010000000e-03
31000	3.5080000000e-03
32000	3.0000000000e-03
33000	4.0020000000e-03
34000	4.0000000000e-03
35000	5.0010000000e-03
36000	4.0000000000e-03
37000	6.0010000000e-03
38000	4.0010000000e-03
39000	4.0010000000e-03
40000	5.0020000000e-03
41000	4.0000000000e-03
42000	5.0020000000e-03
43000	5.0010000000e-03
44000	5.0010000000e-03
45000	5.0000000000e-03
46000	6.0010000000e-03
47000	4.9970000000e-03
48000	7.0010000000e-03
49000	5.5040000000e-03
50000	6.0010000000e-03
51000	6.0000000000e-03
52000	6.0010000000e-03
53000	7.0010000000e-03
54000	8.0020000000e-03
55000	8.0010000000e-03
56000	6.0020000000e-03
57000	7.0010000000e-03
58000	7.0000000000e-03
59000	7.0000000000e-03
60000	6.9990000000e-03
61000	7.5060000000e-03
62000	6.9990000000e-03
63000	8.0020000000e-03
64000	8.0010000000e-03
65000	8.0000000000e-03
66000	7.9980000000e-03
67000	8.0010000000e-03
68000	8.0010000000e-03
69000	1.1000000000e-02
70000	9.9980000000e-03
71000	9.0000000000e-03
72000	1.1212000000e-02
73000	1.2000000000e-02
74000	9.9990000000e-03
75000	1.2001000000e-02
76000	9.9990000000e-03
77000	1.1000000000e-02
78000	1.1000000000e-02
79000	1.1000000000e-02
80000	1.0509000000e-02
81000	1.1001000000e-02
82000	1.0001000000e-02
83000	1.0002000000e-02
84000	1.0002000000e-02
85000	1.1998000000e-02
86000	1.2001000000e-02
87000	1.0000000000e-02
88000	1.1507000000e-02
89000	1.1002000000e-02
90000	1.1000000000e-02
91000	1.2001000000e-02
92000	1.1000000000e-02
93000	1.4999000000e-02
94000	1.3001000000e-02
95000	1.2227000000e-02
96000	1.2002000000e-02
97000	1.2002000000e-02
98000	1.1998000000e-02
99000	1.3000000000e-02
100000	1.3000000000e-02
101000	1.3002000000e-02
102000	1.2509000000e-02
103000	1.5001000000e-02
104000	1.7001000000e-02
105000	1.7002000000e-02
106000	1.7999000000e-02
107000	1.7507000000e-02
108000	1.7999000000e-02
109000	1.9002000000e-02
110000	1.7001000000e-02
111000	1.8001000000e-02
112000	1.8223000000e-02
113000	1.7881000000e-02
114000	1.9000000000e-02
115000	1.8001000000e-02
116000	2.1116000000e-02
117000	1.9187000000e-02
118000	1.9002000000e-02
119000	1.9002000000e-02
120000	2.1001000000e-02
121000	2.0506000000e-02
122000	2.1004000000e-02
123000	2.3001000000e-02
124000	2.1002000000e-02
125000	2.1503000000e-02
126000	2.3003000000e-02
127000	2.2003000000e-02
128000	2.1001000000e-02
129000	1.9999000000e-02
130000	2.0239000000e-02
131000	1.8002000000e-02
132000	1.9000000000e-02
133000	1.8002000000e-02
134000	1.7508000000e-02
135000	1.8002000000e-02
136000	2.1002000000e-02
137000	1.9003000000e-02
138000	1.9038000000e-02
139000	2.0506000000e-02
140000	2.0001000000e-02
141000	2.0001000000e-02
142000	2.1003000000e-02
143000	1.9511000000e-02
144000	2.0001000000e-02
145000	1.8999000000e-02
146000	2.0001000000e-02
147000	2.0000000000e-02
148000	2.3001000000e-02
149000	2.2003000000e-02
150000	2.2003000000e-02
151000	2.3505000000e-02
152000	2.2003000000e-02
153000	2.0003000000e-02
154000	2.2001000000e-02
155000	2.1000000000e-02
156000	2.1507000000e-02
157000	2.2002000000e-02
158000	2.4003000000e-02
159000	2.4509000000e-02
160000	2.4001000000e-02
161000	2.2003000000e-02
162000	2.2004000000e-02
163000	2.3503000000e-02
164000	2.2003000000e-02
165000	2.4002000000e-02
166000	2.4004000000e-02
167000	2.3511000000e-02
168000	2.5002000000e-02
169000	2.3002000000e-02
170000	2.4002000000e-02
171000	2.2508000000e-02
172000	2.8002000000e-02
173000	2.4001000000e-02
174000	2.6510000000e-02
175000	2.7001000000e-02
176000	2.4002000000e-02
177000	2.5000000000e-02
178000	2.5004000000e-02
179000	2.5003000000e-02
180000	2.7001000000e-02
181000	2.4509000000e-02
182000	2.6004000000e-02
183000	2.8003000000e-02
184000	2.5507000000e-02
185000	2.4002000000e-02
186000	2.9003000000e-02
187000	2.5001000000e-02
188000	2.6000000000e-02
189000	2.5005000000e-02
190000	3.0002000000e-02
191000	2.6510000000e-02
192000	2.9002000000e-02
193000	2.8004000000e-02
194000	2.6508000000e-02
195000	3.0003000000e-02
196000	2.7001000000e-02
197000	2.7506000000e-02
198000	2.9003000000e-02
199000	2.7003000000e-02
200000	3.0513000000e-02
201000	2.7001000000e-02
202000	2.8003000000e-02
203000	2.7504000000e-02
204000	2.8002000000e-02
205000	3.4003000000e-02
206000	3.0510000000e-02
207000	2.8002000000e-02
208000	2.9003000000e-02
209000	3.2507000000e-02
210000	3.1002000000e-02
211000	3.1002000000e-02
212000	3.1510000000e-02
213000	2.9003000000e-02
214000	3.2001000000e-02
215000	3.0002000000e-02
216000	3.1004000000e-02
217000	3.2506000000e-02
218000	3.3003000000e-02
219000	3.1003000000e-02
220000	3.0509000000e-02
221000	3.2004000000e-02
222000	3.2001000000e-02
223000	3.2510000000e-02
224000	3.3003000000e-02
225000	3.4005000000e-02
226000	3.1002000000e-02
227000	3.1005000000e-02
228000	3.4510000000e-02
229000	3.5001000000e-02
230000	3.2004000000e-02
231000	3.3508000000e-02
232000	3.5002000000e-02
233000	3.4004000000e-02
234000	3.3002000000e-02
235000	3.5003000000e-02
236000	3.5413000000e-02
237000	3.3003000000e-02
238000	3.6000000000e-02
239000	3.3510000000e-02
240000	3.6003000000e-02
241000	3.4492000000e-02
242000	3.6003000000e-02
243000	3.6000000000e-02
244000	3.5001000000e-02
245000	3.6005000000e-02
246000	3.7303000000e-02
247000	3.5004000000e-02
248000	3.7003000000e-02
249000	3.4003000000e-02
250000	3.5004000000e-02
251000	3.5508000000e-02
252000	3.7003000000e-02
253000	4.0506000000e-02
254000	3.6001000000e-02
255000	3.7003000000e-02
256000	3.7141000000e-02
257000	4.5002000000e-02
258000	4.7509000000e-02
259000	4.6005000000e-02
260000	4.7510000000e-02
261000	4.5003000000e-02
262000	4.8407000000e-02
263000	4.6003000000e-02
264000	4.7042000000e-02
265000	4.3002000000e-02
266000	5.0002000000e-02
267000	4.8513000000e-02
268000	5.1004000000e-02
269000	5.0510000000e-02
270000	4.6003000000e-02
271000	4.8507000000e-02
272000	4.9005000000e-02
273000	4.7510000000e-02
274000	4.7003000000e-02
275000	4.8514000000e-02
276000	5.2003000000e-02
277000	4.8003000000e-02
278000	5.1510000000e-02
279000	5.1003000000e-02
280000	5.0509000000e-02
281000	4.8004000000e-02
282000	4.9509000000e-02
283000	5.1003000000e-02
284000	5.1513000000e-02
285000	5.1510000000e-02
286000	4.8003000000e-02
287000	5.1507000000e-02
288000	5.2005000000e-02
289000	5.4510000000e-02
290000	5.2003000000e-02
291000	5.5514000000e-02
292000	5.3510000000e-02
293000	5.3003000000e-02
294000	5.5513000000e-02
295000	5.4002000000e-02
296000	5.3513000000e-02
297000	5.5510000000e-02
298000	5.7005000000e-02
299000	5.6511000000e-02
300000	5.1001000000e-02
301000	5.7004000000e-02
302000	5.3515000000e-02
303000	5.3005000000e-02
304000	5.5513000000e-02
305000	5.6005000000e-02
306000	5.5003000000e-02
307000	5.6510000000e-02
308000	5.6005000000e-02
309000	5.2235000000e-02
310000	5.3004000000e-02
311000	5.6003000000e-02
312000	5.7509000000e-02
313000	5.4006000000e-02
314000	5.9513000000e-02
315000	5.7509000000e-02
316000	5.9004000000e-02
317000	5.5448000000e-02
318000	6.1511000000e-02
319000	5.5005000000e-02
320000	6.3511000000e-02
321000	5.8001000000e-02
322000	5.9005000000e-02
323000	5.9512000000e-02
324000	5.6004000000e-02
325000	5.9005000000e-02
326000	6.2121000000e-02
327000	5.8005000000e-02
328000	6.3227000000e-02
329000	6.2510000000e-02
330000	6.1562000000e-02
331000	6.1006000000e-02
332000	5.9510000000e-02
333000	6.3509000000e-02
334000	6.0005000000e-02
335000	5.6511000000e-02
336000	6.0511000000e-02
337000	5.9007000000e-02
338000	6.0509000000e-02
339000	6.0508000000e-02
340000	6.3007000000e-02
341000	6.2513000000e-02
342000	5.9511000000e-02
343000	6.2005000000e-02
344000	6.2510000000e-02
345000	6.3510000000e-02
346000	6.2006000000e-02
347000	6.4264000000e-02
348000	6.2511000000e-02
349000	7.1004000000e-02
350000	6.5005000000e-02
351000	6.4442000000e-02
352000	6.4507000000e-02
353000	6.0005000000e-02
354000	6.6514000000e-02
355000	6.8509000000e-02
356000	6.6390000000e-02
357000	6.6004000000e-02
358000	6.6511000000e-02
359000	6.6512000000e-02
360000	6.7005000000e-02
361000	7.0006000000e-02
362000	6.6513000000e-02
363000	6.6511000000e-02
364000	7.1005000000e-02
365000	6.9007000000e-02
366000	7.2511000000e-02
367000	6.8112000000e-02
368000	7.4510000000e-02
369000	6.9004000000e-02
370000	6.9514000000e-02
371000	7.0507000000e-02
372000	6.7509000000e-02
373000	7.0005000000e-02
374000	7.3119000000e-02
375000	6.8268000000e-02
376000	7.0510000000e-02
377000	7.2510000000e-02
378000	7.2004000000e-02
379000	7.0513000000e-02
380000	7.3512000000e-02
381000	7.3512000000e-02
382000	7.3509000000e-02
383000	7.7005000000e-02
384000	7.4414000000e-02
385000	7.3513000000e-02
386000	7.5513000000e-02
387000	7.1510000000e-02
388000	7.4004000000e-02
389000	7.4005000000e-02
390000	7.5513000000e-02
391000	7.6512000000e-02
392000	7.7514000000e-02
393000	7.4044000000e-02
394000	7.6005000000e-02
395000	7.1007000000e-02
396000	7.7510000000e-02
397000	8.0510000000e-02
398000	7.6512000000e-02
399000	7.6481000000e-02
400000	7.4004000000e-02
401000	8.1005000000e-02
402000	7.9348000000e-02
403000	7.7510000000e-02
404000	7.9510000000e-02
405000	7.6511000000e-02
406000	8.1080000000e-02
407000	7.9511000000e-02
408000	8.0007000000e-02
409000	7.7512000000e-02
410000	7.5511000000e-02
411000	8.0511000000e-02
412000	8.2514000000e-02
413000	8.1516000000e-02
414000	8.1513000000e-02
415000	8.1515000000e-02
416000	7.9007000000e-02
417000	8.2512000000e-02
418000	7.8512000000e-02
419000	7.7519000000e-02
420000	8.1514000000e-02
421000	8.7513000000e-02
422000	8.0513000000e-02
423000	8.2515000000e-02
424000	8.0005000000e-02
425000	8.3008000000e-02
426000	8.5046000000e-02
427000	8.7514000000e-02
428000	8.7513000000e-02
429000	8.3513000000e-02
430000	8.6513000000e-02
431000	8.8513000000e-02
432000	8.8509000000e-02
433000	8.2515000000e-02
434000	8.2512000000e-02
435000	8.6512000000e-02
436000	8.2510000000e-02
437000	8.3514000000e-02
438000	8.5005000000e-02
439000	8.6004000000e-02
440000	8.4061000000e-02
441000	8.8067000000e-02
442000	9.1512000000e-02
443000	8.5510000000e-02
444000	8.7109000000e-02
445000	8.5512000000e-02
446000	9.1513000000e-02
447000	9.0513000000e-02
448000	8.6513000000e-02
449000	9.1513000000e-02
450000	9.1512000000e-02
451000	8.8513000000e-02
452000	8.7512000000e-02
453000	9.5513000000e-02
454000	9.4510000000e-02
455000	9.1511000000e-02
456000	9.0510000000e-02
457000	8.9516000000e-02
458000	9.1512000000e-02
459000	9.5515000000e-02
460000	9.4511000000e-02
461000	8.9240000000e-02
462000	9.9512000000e-02
463000	9.6511000000e-02
464000	9.6126000000e-02
465000	9.2515000000e-02
466000	9.1515000000e-02
467000	9.5515000000e-02
468000	9.6516000000e-02
469000	9.7513000000e-02
470000	9.4537000000e-02
471000	9.7511000000e-02
472000	1.0051900000e-01
473000	9.5515000000e-02
474000	9.3516000000e-02
475000	9.6514000000e-02
476000	9.1515000000e-02
477000	9.1514000000e-02
478000	9.6513000000e-02
479000	9.6513000000e-02
480000	1.0351500000e-01
481000	9.3512000000e-02
482000	9.6513000000e-02
483000	9.4512000000e-02
484000	9.8514000000e-02
485000	9.5513000000e-02
486000	9.7513000000e-02
487000	9.3511000000e-02
488000	9.9514000000e-02
489000	1.0051100000e-01
490000	9.6518000000e-02
491000	1.0160200000e-01
492000	9.6513000000e-02
493000	1.0251700000e-01
494000	9.7513000000e-02
495000	1.0351100000e-01
496000	1.0351300000e-01
497000	1.0051400000e-01
498000	1.0451200000e-01
499000	9.6291000000e-02
500000	1.0051500000e-01
501000	9.9511000000e-02
502000	1.0351600000e-01
503000	1.0351400000e-01
504000	1.1051300000e-01
505000	1.0251200000e-01
506000	1.0451200000e-01
507000	1.0451400000e-01
508000	1.0051200000e-01
509000	9.8515000000e-02
510000	1.0802400000e-01
511000	1.0351300000e-01
512000	1.0324800000e-01
513000	8.8513000000e-02
514000	9.5511000000e-02
515000	9.4515000000e-02
516000	9.0508000000e-02
517000	9.3512000000e-02
518000	1.0151400000e-01
519000	9.2485000000e-02
520000	1.0251400000e-01
521000	9.7486000000e-02
522000	9.6516000000e-02
523000	9.6484000000e-02
524000	9.9517000000e-02
525000	1.0398600000e-01
526000	9.8519000000e-02
527000	9.3511000000e-02
528000	9.8464000000e-02
529000	9.5515000000e-02
530000	9.4487000000e-02
531000	1.0151200000e-01
532000	1.0312400000e-01
533000	9.9515000000e-02
534000	9.8513000000e-02
535000	9.8515000000e-02
536000	9.7514000000e-02
537000	1.0151500000e-01
538000	1.0451400000e-01
539000	1.1251500000e-01
540000	9.6516000000e-02
541000	9.8514000000e-02
542000	1.0151200000e-01
543000	1.0451600000e-01
544000	1.0151200000e-01
545000	1.0451100000e-01
546000	1.0051400000e-01
547000	1.0751300000e-01
548000	1.0151600000e-01
549000	1.1051400000e-01
550000	1.0351600000e-01
551000	1.0051200000e-01
552000	1.0951100000e-01
553000	1.0651500000e-01
554000	1.0751200000e-01
555000	1.0351300000e-01
556000	1.0351400000e-01
557000	1.0351300000e-01
558000	1.0351500000e-01
559000	1.0751100000e-01
560000	1.1151400000e-01
561000	1.0651400000e-01
562000	1.1351800000e-01
563000	1.0851300000e-01
564000	1.0351300000e-01
565000	1.1151600000e-01
566000	1.0651400000e-01
567000	1.0951600000e-01
568000	1.0622600000e-01
569000	1.1151800000e-01
570000	1.0351300000e-01
571000	1.1751500000e-01
572000	1.0751700000e-01
573000	1.0051300000e-01
574000	1.1451800000e-01
575000	1.2902300000e-01
576000	1.3951500000e-01
577000	1.2202300000e-01
578000	1.1008200000e-01
579000	1.0751300000e-01
580000	1.1251700000e-01
581000	1.0651300000e-01
582000	1.0751500000e-01
583000	1.0051600000e-01
584000	1.0251300000e-01
585000	1.0951600000e-01
586000	1.1851900000e-01
587000	1.0851200000e-01
588000	1.0451400000e-01
589000	9.9514000000e-02
590000	1.0751300000e-01
591000	1.1951400000e-01
592000	1.1251400000e-01
593000	1.0151000000e-01
594000	1.0702000000e-01
595000	1.2151400000e-01
596000	1.0851400000e-01
597000	1.0951400000e-01
598000	1.2202400000e-01
599000	1.2251800000e-01
600000	1.2351600000e-01
601000	1.1751400000e-01
602000	1.1751700000e-01
603000	1.1551400000e-01
604000	1.1751800000e-01
605000	1.1879100000e-01
606000	1.0951600000e-01
607000	1.1751100000e-01
608000	1.2551500000e-01
609000	1.1151300000e-01
610000	1.1051100000e-01
611000	1.1951700000e-01
612000	1.1351100000e-01
613000	1.2002100000e-01
614000	1.1851600000e-01
615000	1.1051200000e-01
616000	1.1851600000e-01
617000	1.2945000000e-01
618000	1.1551100000e-01
619000	1.1251300000e-01
620000	1.1202100000e-01
621000	1.1351400000e-01
622000	1.1751600000e-01
623000	1.1851300000e-01
624000	1.1302300000e-01
625000	1.1751600000e-01
626000	1.2651400000e-01
627000	1.1402200000e-01
628000	1.1159800000e-01
629000	1.1851400000e-01
630000	1.1551400000e-01
631000	1.2102000000e-01
632000	1.2751500000e-01
633000	1.1451000000e-01
634000	1.1876000000e-01
635000	1.1851500000e-01
636000	1.2251500000e-01
637000	1.1751300000e-01
638000	1.1451400000e-01
639000	1.2751600000e-01
640000	1.2560400000e-01
641000	1.2451500000e-01
642000	1.1951600000e-01
643000	1.1951900000e-01
644000	1.2452100000e-01
645000	1.1851500000e-01
646000	1.1651400000e-01
647000	1.3002300000e-01
648000	1.2951700000e-01
649000	1.2602200000e-01
650000	1.1939900000e-01
651000	1.2851600000e-01
652000	1.2109100000e-01
653000	1.2751700000e-01
654000	1.3151700000e-01
655000	1.2602300000e-01
656000	1.2651500000e-01
657000	1.2651400000e-01
658000	1.2751500000e-01
659000	1.1451800000e-01
660000	1.2751400000e-01
661000	1.3451800000e-01
662000	1.2451600000e-01
663000	1.2702600000e-01
664000	1.2751500000e-01
665000	1.2551500000e-01
666000	1.2951700000e-01
667000	1.2951700000e-01
668000	1.2402300000e-01
669000	1.3151700000e-01
670000	1.2851300000e-01
671000	1.1202200000e-01
672000	1.1851700000e-01
673000	1.2951600000e-01
674000	1.2002600000e-01
675000	1.2704100000e-01
676000	1.4449100000e-01
677000	1.4451800000e-01
678000	1.3730000000e-01
679000	1.3018700000e-01
680000	1.2935300000e-01
681000	1.2712400000e-01
682000	1.3047600000e-01
683000	1.2467100000e-01
684000	1.3051700000e-01
685000	1.3451400000e-01
686000	1.1651600000e-01
687000	1.2751600000e-01
688000	1.3502000000e-01
689000	1.2951500000e-01
690000	1.1605500000e-01
691000	1.1367900000e-01
692000	1.2951300000e-01
693000	1.2951900000e-01
694000	1.4202200000e-01
695000	1.2451600000e-01
696000	1.3061000000e-01
697000	1.2951500000e-01
698000	1.2804300000e-01
699000	1.2951600000e-01
700000	1.2651800000e-01
701000	1.3167100000e-01
702000	1.1651900000e-01
703000	1.2951400000e-01
704000	1.4251700000e-01
705000	1.2349300000e-01
706000	1.4656000000e-01
707000	1.3951600000e-01
708000	1.4551800000e-01
709000	1.2551500000e-01
710000	1.4402900000e-01
711000	1.3851400000e-01
712000	1.4302400000e-01
713000	1.4451500000e-01
714000	1.4551800000e-01
715000	1.5113200000e-01
716000	1.4451800000e-01
717000	1.4302000000e-01
718000	1.4051800000e-01
719000	1.5395600000e-01
720000	1.4502200000e-01
721000	1.3451600000e-01
722000	1.4151700000e-01
723000	1.4751600000e-01
724000	1.5502200000e-01
725000	1.4251900000e-01
726000	1.4602400000e-01
727000	1.3951200000e-01
728000	1.6451600000e-01
729000	1.4802300000e-01
730000	1.5151900000e-01
731000	1.5151600000e-01
732000	1.5602100000e-01
733000	1.4852000000e-01
734000	1.4353500000e-01
735000	1.5051600000e-01
736000	1.5151700000e-01
737000	1.5302500000e-01
738000	1.5352000000e-01
739000	1.4651700000e-01
740000	1.5102400000e-01
741000	1.5751600000e-01
742000	1.5552100000e-01
743000	1.6202400000e-01
744000	1.4652000000e-01
745000	1.5151900000e-01
746000	1.5502500000e-01
747000	1.5351700000e-01
748000	1.5551800000e-01
749000	1.6102400000e-01
750000	1.5903200000e-01
751000	1.5151900000e-01
752000	1.6102700000e-01
753000	1.5302100000e-01
754000	1.5651700000e-01
755000	1.5895300000e-01
756000	1.4756600000e-01
757000	1.5334000000e-01
758000	1.5902400000e-01
759000	1.5501800000e-01
760000	1.6451800000e-01
761000	1.6251400000e-01
762000	1.6503000000e-01
763000	1.6002500000e-01
764000	1.4951800000e-01
765000	1.5802800000e-01
766000	1.7303000000e-01
767000	1.4851400000e-01
768000	1.5951400000e-01
769000	1.6103000000e-01
770000	1.6202400000e-01
771000	1.6451800000e-01
772000	1.5951700000e-01
773000	1.6002300000e-01
774000	1.5701900000e-01
775000	1.5051800000e-01
776000	1.5202200000e-01
777000	1.5402400000e-01
778000	1.6152000000e-01
779000	1.6602400000e-01
780000	1.6501700000e-01
781000	1.6002300000e-01
782000	1.6451700000e-01
783000	1.6380500000e-01
784000	1.7180700000e-01
785000	1.7002200000e-01
786000	1.5602500000e-01
787000	1.6851800000e-01
788000	1.6102300000e-01
789000	1.6602100000e-01
790000	1.5602400000e-01
791000	1.6751600000e-01
792000	1.7565000000e-01
793000	1.6902600000e-01
794000	1.6702500000e-01
795000	1.6274600000e-01
796000	1.5951600000e-01
797000	1.6467700000e-01
798000	1.6580400000e-01
799000	1.5902100000e-01
800000	1.6051800000e-01
801000	1.6051700000e-01
802000	1.6303000000e-01
803000	1.7103500000e-01
804000	1.6451700000e-01
805000	1.7352500000e-01
806000	1.7002500000e-01
807000	1.5802400000e-01
808000	1.7302500000e-01
809000	1.6602500000e-01
810000	1.7051800000e-01
811000	1.6351900000e-01
812000	1.7402500000e-01
813000	1.6802300000e-01
814000	1.8002500000e-01
815000	1.8102600000e-01
816000	1.6403100000e-01
817000	1.6751900000e-01
818000	1.7102400000e-01
819000	1.7402500000e-01
820000	1.6502900000e-01
821000	1.7203100000e-01
822000	1.6802600000e-01
823000	1.7352200000e-01
824000	1.6552600000e-01
825000	1.6602800000e-01
826000	1.7702600000e-01
827000	1.7629300000e-01
828000	1.6702500000e-01
829000	1.6251900000e-01
830000	1.7052000000e-01
831000	1.7102500000e-01
832000	1.7702500000e-01
833000	1.6803300000e-01
834000	1.8102600000e-01
835000	1.7502300000e-01
836000	1.7686600000e-01
837000	1.7302800000e-01
838000	1.7551900000e-01
839000	1.7651900000e-01
840000	1.7452100000e-01
841000	1.7803100000e-01
842000	1.7302600000e-01
843000	1.7202600000e-01
844000	1.7902800000e-01
845000	1.7802900000e-01
846000	1.7602700000e-01
847000	1.8503000000e-01
848000	1.9602300000e-01
849000	1.8602600000e-01
850000	1.8202900000e-01
851000	1.8002600000e-01
852000	1.8502600000e-01
853000	1.9102600000e-01
854000	1.8402900000e-01
855000	1.8402300000e-01
856000	1.8702300000e-01
857000	1.8002900000e-01
858000	1.7702600000e-01
859000	1.7351600000e-01
860000	1.9203000000e-01
861000	1.8351300000e-01
862000	1.7327200000e-01
863000	1.8802500000e-01
864000	1.8602800000e-01
865000	1.9402600000e-01
866000	1.9251900000e-01
867000	1.8860100000e-01
868000	1.8152400000e-01
869000	1.8751900000e-01
870000	1.8751700000e-01
871000	1.9102700000e-01
872000	1.8902700000e-01
873000	1.8802400000e-01
874000	1.9102700000e-01
875000	1.9303000000e-01
876000	1.8902900000e-01
877000	1.7802300000e-01
878000	1.9702700000e-01
879000	1.8302900000e-01
880000	1.9502400000e-01
881000	1.8902900000e-01
882000	1.9102300000e-01
883000	1.8802400000e-01
884000	1.8611500000e-01
885000	1.9002500000e-01
886000	1.9402500000e-01
887000	1.8402700000e-01
888000	1.8702400000e-01
889000	1.8702900000e-01
890000	1.9204000000e-01
891000	1.8762200000e-01
892000	1.9702700000e-01
893000	1.9052300000e-01
894000	1.8752100000e-01
895000	2.0302800000e-01
896000	1.9902700000e-01
897000	1.9002500000e-01
898000	1.9802200000e-01
899000	2.0102800000e-01
900000	2.0402700000e-01
901000	1.9702900000e-01
902000	1.9500500000e-01
903000	2.0600300000e-01
904000	1.9600100000e-01
905000	2.0500000000e-01
906000	1.9300900000e-01
907000	1.8999900000e-01
908000	1.9300400000e-01
909000	2.0351000000e-01
910000	1.9500200000e-01
911000	1.9900400000e-01
912000	1.9900100000e-01
913000	1.8900500000e-01
914000	2.0100000000e-01
915000	1.9201100000e-01
916000	1.9299400000e-01
917000	2.0300900000e-01
918000	2.0173900000e-01
919000	1.9302600000e-01
920000	1.9413200000e-01
921000	2.0302500000e-01
922000	1.9302600000e-01
923000	1.9602600000e-01
924000	1.9702600000e-01
925000	2.0352900000e-01
926000	1.9103100000e-01
927000	2.0502700000e-01
928000	2.1203000000e-01
929000	2.0302800000e-01
930000	2.1253800000e-01
931000	1.9902500000e-01
932000	2.0402800000e-01
933000	1.9972700000e-01
934000	1.9885100000e-01
935000	2.0799700000e-01
936000	2.0199600000e-01
937000	2.1600900000e-01
938000	2.2400400000e-01
939000	1.9800000000e-01
940000	2.0602600000e-01
941000	2.1698300000e-01
942000	2.0900000000e-01
943000	2.0948300000e-01
944000	2.0900300000e-01
945000	2.0799900000e-01
946000	2.0000500000e-01
947000	2.1100100000e-01
948000	2.1100000000e-01
949000	2.0800500000e-01
950000	2.1500200000e-01
951000	2.0100300000e-01
952000	2.1300000000e-01
953000	2.0800300000e-01
954000	2.1300200000e-01
955000	1.9400400000e-01
956000	1.9600000000e-01
957000	2.1200100000e-01
958000	2.1200200000e-01
959000	2.0500600000e-01
960000	2.0799700000e-01
961000	2.1802800000e-01
962000	2.0802500000e-01
963000	2.1502700000e-01
964000	2.0954600000e-01
965000	2.2003600000e-01
966000	2.4554000000e-01
967000	2.0500300000e-01
968000	2.0902800000e-01
969000	2.1003100000e-01
970000	2.1953900000e-01
971000	2.0903000000e-01
972000	2.0171500000e-01
973000	2.0802900000e-01
974000	2.1453800000e-01
975000	2.1102200000e-01
976000	2.2003100000e-01
977000	2.0803000000e-01
978000	2.1403600000e-01
979000	2.1003200000e-01
980000	2.1002600000e-01
981000	2.1103300000e-01
982000	2.1102900000e-01
983000	2.1903000000e-01
984000	2.3253400000e-01
985000	2.0602600000e-01
986000	2.0902700000e-01
987000	2.2203000000e-01
988000	2.2802900000e-01
989000	2.1302500000e-01
990000	2.2953700000e-01
991000	2.1502800000e-01
992000	2.0802600000e-01
993000	2.1817300000e-01
994000	2.2102900000e-01
995000	2.1002700000e-01
996000	2.1853500000e-01
997000	2.1502600000e-01
998000	2.1602800000e-01
999000	2.0502700000e-01
1000000	2.2402800000e-01
